-19994
-19994
-19989
-19978
-19975
-19975
-19966
-19960
-19959
-19958
-19954
-19948
-19947
-19946
-19944
-19942
-19937
-19929
-19924
-19923
-19917
-19909
-19905
-19903
-19898
-19898
-19896
-19886
-19885
-19882
-19874
-19873
-19871
-19862
-19860
-19857
-19856
-19855
-19853
-19849
-19849
-19848
-19841
-19834
-19827
-19826
-19826
-19825
-19823
-19822
-19822
-19822
-19819
-19818
-19818
-19817
-19816
-19815
-19804
-19791
-19789
-19788
-19772
-19768
-19767
-19766
-19764
-19764
-19763
-19762
-19751
-19750
-19747
-19747
-19743
-19735
-19734
-19731
-19730
-19729
-19726
-19726
-19724
-19723
-19720
-19717
-19713
-19711
-19705
-19698
-19694
-19688
-19682
-19681
-19678
-19675
-19675
-19666
-19659
-19652
-19652
-19647
-19647
-19647
-19645
-19630
-19625
-19618
-19605
-19600
-19597
-19597
-19596
-19592
-19586
-19584
-19579
-19578
-19574
-19572
-19570
-19570
-19566
-19565
-19557
-19555
-19552
-19546
-19542
-19541
-19541
-19526
-19522
-19520
-19519
-19510
-19505
-19504
-19503
-19503
-19501
-19500
-19498
-19497
-19490
-19487
-19486
-19474
-19471
-19470
-19465
-19458
-19454
-19436
-19429
-19427
-19427
-19424
-19422
-19416
-19405
-19404
-19403
-19398
-19395
-19394
-19392
-19389
-19378
-19375
-19374
-19370
-19370
-19368
-19358
-19354
-19348
-19347
-19338
-19330
-19328
-19326
-19325
-19319
-19313
-19310
-19307
-19302
-19302
-19300
-19299
-19298
-19292
-19289
-19288
-19288
-19287
-19285
-19280
-19267
-19261
-19261
-19261
-19251
-19249
-19247
-19236
-19235
-19227
-19226
-19225
-19224
-19222
-19221
-19217
-19217
-19216
-19202
-19189
-19185
-19182
-19182
-19181
-19174
-19173
-19170
-19168
-19165
-19160
-19157
-19153
-19150
-19145
-19131
-19125
-19117
-19114
-19112
-19109
-19107
-19094
-19092
-19084
-19076
-19074
-19067
-19061
-19054
-19052
-19051
-19050
-19034
-19034
-19031
-19027
-19025
-19019
-19015
-19013
-19013
-19013
-19009
-19009
-19004
-19003
-19003
-19002
-18996
-18981
-18968
-18967
-18966
-18959
-18958
-18955
-18948
-18942
-18942
-18939
-18931
-18927
-18926
-18921
-18920
-18920
-18918
-18917
-18912
-18910
-18902
-18901
-18900
-18896
-18895
-18893
-18892
-18891
-18885
-18884
-18883
-18883
-18877
-18877
-18875
-18870
-18867
-18862
-18860
-18855
-18844
-18844
-18840
-18837
-18836
-18828
-18827
-18826
-18826
-18826
-18825
-18824
-18819
-18801
-18801
-18800
-18791
-18790
-18780
-18769
-18756
-18754
-18748
-18747
-18742
-18742
-18740
-18735
-18735
-18735
-18734
-18734
-18733
-18732
-18727
-18723
-18722
-18720
-18718
-18715
-18712
-18712
-18705
-18705
-18699
-18691
-18691
-18686
-18680
-18674
-18673
-18670
-18669
-18664
-18653
-18649
-18643
-18634
-18634
-18624
-18623
-18620
-18617
-18609
-18609
-18606
-18603
-18598
-18597
-18568
-18567
-18567
-18561
-18555
-18554
-18550
-18545
-18545
-18543
-18532
-18528
-18521
-18520
-18518
-18513
-18513
-18508
-18505
-18504
-18502
-18499
-18490
-18485
-18483
-18476
-18471
-18471
-18467
-18455
-18447
-18444
-18440
-18439
-18437
-18433
-18433
-18424
-18418
-18412
-18409
-18409
-18400
-18390
-18388
-18375
-18375
-18371
-18370
-18359
-18358
-18353
-18345
-18343
-18341
-18340
-18337
-18332
-18323
-18316
-18315
-18302
-18292
-18286
-18283
-18280
-18278
-18275
-18273
-18272
-18247
-18246
-18245
-18242
-18241
-18231
-18228
-18226
-18217
-18212
-18202
-18199
-18195
-18192
-18189
-18189
-18186
-18183
-18173
-18162
-18158
-18154
-18149
-18148
-18148
-18140
-18129
-18128
-18125
-18124
-18122
-18122
-18119
-18105
-18102
-18100
-18096
-18095
-18093
-18093
-18088
-18086
-18086
-18084
-18081
-18080
-18078
-18067
-18066
-18056
-18054
-18053
-18053
-18048
-18046
-18046
-18043
-18042
-18041
-18031
-18022
-18021
-18019
-18018
-18014
-18013
-18012
-18009
-18007
-18004
-18004
-18001
-18001
-17997
-17987
-17985
-17985
-17985
-17980
-17980
-17978
-17974
-17974
-17972
-17970
-17967
-17966
-17962
-17960
-17959
-17956
-17956
-17947
-17946
-17946
-17946
-17932
-17930
-17923
-17923
-17917
-17916
-17916
-17907
-17907
-17903
-17898
-17890
-17888
-17887
-17886
-17886
-17885
-17883
-17880
-17875
-17873
-17871
-17871
-17868
-17865
-17860
-17852
-17848
-17834
-17832
-17831
-17828
-17828
-17819
-17787
-17785
-17783
-17780
-17780
-17779
-17773
-17769
-17766
-17764
-17760
-17748
-17748
-17730
-17726
-17725
-17724
-17723
-17721
-17718
-17718
-17709
-17702
-17701
-17698
-17683
-17681
-17660
-17658
-17656
-17649
-17644
-17636
-17635
-17632
-17631
-17631
-17630
-17623
-17621
-17619
-17617
-17614
-17610
-17606
-17606
-17602
-17599
-17598
-17596
-17592
-17591
-17589
-17589
-17587
-17580
-17570
-17567
-17566
-17550
-17548
-17546
-17543
-17538
-17534
-17532
-17524
-17509
-17508
-17507
-17504
-17504
-17501
-17501
-17501
-17501
-17494
-17487
-17484
-17481
-17477
-17473
-17470
-17463
-17462
-17456
-17453
-17451
-17446
-17445
-17444
-17437
-17436
-17433
-17427
-17420
-17419
-17418
-17399
-17397
-17393
-17392
-17374
-17371
-17367
-17361
-17353
-17353
-17349
-17347
-17347
-17343
-17341
-17339
-17338
-17337
-17336
-17336
-17333
-17332
-17327
-17327
-17326
-17318
-17314
-17312
-17305
-17304
-17299
-17297
-17276
-17272
-17265
-17253
-17252
-17250
-17249
-17243
-17239
-17237
-17225
-17217
-17216
-17200
-17194
-17185
-17182
-17176
-17169
-17167
-17167
-17164
-17163
-17149
-17148
-17147
-17136
-17136
-17136
-17133
-17131
-17124
-17120
-17119
-17119
-17113
-17105
-17103
-17101
-17101
-17091
-17087
-17079
-17069
-17059
-17059
-17058
-17044
-17039
-17035
-17031
-17031
-17030
-17026
-17024
-17016
-17006
-16990
-16982
-16978
-16974
-16973
-16971
-16961
-16958
-16957
-16954
-16951
-16948
-16948
-16947
-16947
-16944
-16942
-16928
-16926
-16922
-16921
-16917
-16911
-16908
-16904
-16902
-16897
-16892
-16891
-16885
-16884
-16884
-16880
-16872
-16871
-16865
-16846
-16846
-16844
-16840
-16837
-16837
-16836
-16835
-16826
-16825
-16824
-16821
-16821
-16817
-16816
-16813
-16810
-16800
-16799
-16795
-16773
-16771
-16770
-16768
-16764
-16759
-16755
-16753
-16750
-16749
-16747
-16747
-16743
-16736
-16732
-16726
-16719
-16717
-16717
-16716
-16706
-16688
-16685
-16685
-16684
-16677
-16676
-16675
-16674
-16673
-16673
-16667
-16659
-16658
-16657
-16657
-16648
-16648
-16647
-16635
-16633
-16628
-16600
-16593
-16587
-16580
-16578
-16577
-16574
-16571
-16568
-16567
-16565
-16561
-16558
-16553
-16552
-16547
-16539
-16538
-16531
-16530
-16520
-16513
-16513
-16506
-16499
-16496
-16485
-16481
-16477
-16473
-16472
-16469
-16466
-16464
-16464
-16463
-16459
-16458
-16456
-16455
-16453
-16448
-16444
-16435
-16430
-16428
-16425
-16424
-16414
-16409
-16397
-16396
-16395
-16395
-16391
-16389
-16384
-16374
-16362
-16361
-16359
-16357
-16351
-16346
-16345
-16342
-16342
-16341
-16341
-16340
-16335
-16328
-16327
-16326
-16323
-16321
-16321
-16314
-16301
-16301
-16298
-16295
-16292
-16292
-16292
-16290
-16285
-16285
-16283
-16277
-16274
-16274
-16262
-16254
-16252
-16247
-16247
-16244
-16243
-16240
-16238
-16236
-16235
-16231
-16229
-16228
-16228
-16224
-16217
-16217
-16215
-16205
-16203
-16197
-16197
-16191
-16189
-16188
-16183
-16176
-16172
-16172
-16161
-16147
-16138
-16133
-16129
-16117
-16115
-16110
-16098
-16089
-16087
-16086
-16086
-16086
-16080
-16075
-16073
-16062
-16056
-16051
-16049
-16048
-16042
-16032
-16025
-16024
-16023
-16021
-16017
-16014
-16012
-16006
-16003
-16002
-16001
-16000
-15998
-15993
-15991
-15971
-15968
-15968
-15968
-15964
-15956
-15950
-15947
-15943
-15941
-15933
-15933
-15929
-15927
-15919
-15918
-15912
-15909
-15899
-15898
-15897
-15895
-15892
-15887
-15885
-15882
-15881
-15879
-15868
-15862
-15855
-15851
-15843
-15841
-15841
-15841
-15836
-15833
-15830
-15829
-15829
-15825
-15824
-15813
-15813
-15804
-15803
-15796
-15785
-15783
-15782
-15782
-15780
-15779
-15778
-15776
-15773
-15771
-15766
-15759
-15758
-15756
-15756
-15754
-15753
-15743
-15741
-15739
-15738
-15728
-15715
-15707
-15703
-15703
-15690
-15676
-15675
-15675
-15672
-15670
-15665
-15654
-15643
-15642
-15640
-15636
-15630
-15628
-15622
-15620
-15617
-15610
-15609
-15601
-15598
-15589
-15587
-15579
-15570
-15560
-15557
-15557
-15556
-15554
-15552
-15545
-15542
-15534
-15533
-15526
-15525
-15515
-15513
-15511
-15509
-15502
-15501
-15500
-15480
-15478
-15469
-15463
-15462
-15459
-15457
-15452
-15449
-15446
-15437
-15436
-15434
-15432
-15429
-15424
-15418
-15411
-15409
-15407
-15402
-15401
-15401
-15395
-15392
-15391
-15378
-15371
-15369
-15352
-15352
-15349
-15346
-15344
-15342
-15334
-15332
-15327
-15319
-15318
-15316
-15315
-15310
-15305
-15298
-15292
-15281
-15278
-15275
-15274
-15264
-15263
-15263
-15255
-15253
-15252
-15249
-15248
-15245
-15243
-15243
-15239
-15237
-15236
-15234
-15227
-15223
-15222
-15222
-15219
-15213
-15208
-15207
-15205
-15204
-15193
-15192
-15186
-15186
-15177
-15174
-15173
-15169
-15165
-15151
-15150
-15149
-15146
-15143
-15140
-15140
-15138
-15136
-15126
-15123
-15115
-15115
-15111
-15110
-15098
-15082
-15075
-15075
-15071
-15071
-15063
-15057
-15045
-15044
-15038
-15032
-15031
-15019
-15010
-15007
-15006
-15000
-15000
-14995
-14991
-14990
-14984
-14982
-14971
-14971
-14970
-14968
-14966
-14966
-14964
-14958
-14955
-14948
-14940
-14934
-14933
-14927
-14924
-14918
-14916
-14907
-14905
-14903
-14902
-14896
-14893
-14884
-14880
-14880
-14880
-14880
-14879
-14869
-14869
-14864
-14859
-14855
-14854
-14847
-14846
-14844
-14842
-14841
-14836
-14832
-14827
-14821
-14813
-14808
-14806
-14803
-14802
-14800
-14800
-14797
-14795
-14778
-14772
-14770
-14769
-14764
-14758
-14754
-14752
-14746
-14740
-14726
-14718
-14707
-14703
-14700
-14698
-14692
-14684
-14683
-14682
-14678
-14673
-14670
-14656
-14655
-14651
-14644
-14643
-14641
-14639
-14632
-14630
-14627
-14625
-14625
-14624
-14624
-14623
-14623
-14616
-14612
-14598
-14597
-14592
-14588
-14588
-14580
-14577
-14569
-14563
-14560
-14552
-14550
-14547
-14542
-14540
-14536
-14536
-14531
-14526
-14525
-14520
-14519
-14514
-14514
-14512
-14509
-14507
-14502
-14501
-14500
-14493
-14486
-14484
-14482
-14481
-14480
-14471
-14470
-14465
-14464
-14464
-14463
-14462
-14461
-14461
-14457
-14456
-14438
-14438
-14423
-14421
-14421
-14420
-14419
-14419
-14419
-14403
-14399
-14394
-14392
-14390
-14381
-14377
-14371
-14371
-14370
-14367
-14354
-14349
-14345
-14324
-14323
-14318
-14307
-14305
-14305
-14298
-14297
-14296
-14296
-14294
-14284
-14278
-14268
-14267
-14263
-14260
-14255
-14252
-14249
-14241
-14240
-14239
-14222
-14222
-14220
-14218
-14216
-14211
-14197
-14196
-14195
-14195
-14194
-14191
-14191
-14190
-14186
-14179
-14178
-14174
-14170
-14170
-14166
-14160
-14160
-14158
-14152
-14148
-14144
-14144
-14140
-14131
-14116
-14107
-14105
-14103
-14103
-14096
-14095
-14089
-14086
-14084
-14082
-14079
-14072
-14071
-14071
-14068
-14066
-14062
-14061
-14059
-14059
-14054
-14052
-14039
-14036
-14030
-14029
-14028
-14026
-14026
-14026
-14016
-14015
-14007
-14007
-13999
-13991
-13987
-13987
-13986
-13986
-13976
-13970
-13968
-13963
-13961
-13960
-13958
-13952
-13950
-13943
-13936
-13932
-13929
-13928
-13926
-13924
-13918
-13917
-13916
-13913
-13882
-13877
-13871
-13864
-13861
-13859
-13849
-13848
-13848
-13840
-13839
-13838
-13835
-13822
-13821
-13821
-13817
-13804
-13787
-13785
-13785
-13784
-13782
-13776
-13766
-13754
-13748
-13742
-13739
-13738
-13735
-13720
-13718
-13712
-13712
-13706
-13704
-13702
-13701
-13700
-13700
-13698
-13694
-13691
-13683
-13675
-13666
-13658
-13658
-13652
-13650
-13650
-13646
-13644
-13643
-13641
-13639
-13639
-13635
-13629
-13628
-13619
-13612
-13612
-13609
-13608
-13605
-13605
-13600
-13599
-13590
-13589
-13587
-13574
-13572
-13567
-13557
-13548
-13546
-13541
-13539
-13538
-13537
-13532
-13522
-13522
-13519
-13519
-13518
-13512
-13510
-13510
-13507
-13498
-13490
-13472
-13471
-13465
-13464
-13450
-13450
-13448
-13447
-13443
-13435
-13432
-13425
-13425
-13412
-13409
-13400
-13399
-13393
-13391
-13389
-13388
-13387
-13387
-13384
-13352
-13342
-13339
-13338
-13336
-13333
-13322
-13319
-13315
-13312
-13309
-13300
-13287
-13279
-13274
-13273
-13273
-13272
-13271
-13262
-13261
-13259
-13259
-13257
-13251
-13246
-13239
-13239
-13233
-13229
-13229
-13228
-13228
-13226
-13213
-13211
-13193
-13191
-13189
-13187
-13182
-13181
-13174
-13170
-13169
-13167
-13166
-13164
-13163
-13156
-13149
-13137
-13133
-13127
-13125
-13124
-13120
-13119
-13116
-13113
-13112
-13112
-13109
-13108
-13093
-13089
-13087
-13085
-13085
-13081
-13081
-13075
-13073
-13073
-13072
-13069
-13068
-13067
-13064
-13062
-13055
-13054
-13042
-13042
-13040
-13035
-13031
-13029
-13027
-13010
-13009
-13001
-13000
-12999
-12998
-12997
-12992
-12989
-12984
-12967
-12963
-12961
-12959
-12958
-12955
-12955
-12954
-12952
-12951
-12950
-12948
-12947
-12942
-12940
-12937
-12936
-12933
-12930
-12930
-12926
-12924
-12920
-12920
-12901
-12891
-12888
-12877
-12873
-12869
-12863
-12860
-12859
-12858
-12855
-12852
-12847
-12844
-12833
-12825
-12823
-12821
-12821
-12819
-12819
-12807
-12805
-12801
-12800
-12791
-12791
-12788
-12787
-12786
-12782
-12781
-12780
-12773
-12770
-12768
-12763
-12757
-12757
-12747
-12747
-12745
-12733
-12731
-12712
-12711
-12704
-12703
-12697
-12696
-12690
-12689
-12684
-12680
-12677
-12665
-12655
-12652
-12652
-12642
-12641
-12641
-12636
-12626
-12624
-12623
-12609
-12597
-12596
-12593
-12592
-12591
-12583
-12582
-12579
-12577
-12577
-12575
-12570
-12570
-12570
-12569
-12566
-12561
-12557
-12556
-12553
-12548
-12548
-12548
-12546
-12539
-12534
-12526
-12524
-12524
-12514
-12510
-12509
-12503
-12501
-12499
-12491
-12490
-12478
-12473
-12471
-12469
-12468
-12464
-12464
-12463
-12461
-12460
-12457
-12453
-12450
-12448
-12442
-12432
-12432
-12431
-12415
-12413
-12410
-12410
-12410
-12408
-12408
-12408
-12405
-12400
-12399
-12398
-12390
-12388
-12387
-12384
-12377
-12368
-12361
-12352
-12351
-12340
-12336
-12312
-12310
-12309
-12306
-12304
-12302
-12298
-12294
-12287
-12283
-12277
-12276
-12275
-12272
-12260
-12257
-12256
-12255
-12254
-12253
-12243
-12237
-12236
-12231
-12227
-12227
-12227
-12225
-12221
-12212
-12208
-12207
-12192
-12192
-12192
-12189
-12185
-12184
-12180
-12175
-12164
-12163
-12152
-12152
-12149
-12144
-12142
-12142
-12141
-12129
-12122
-12122
-12116
-12115
-12115
-12110
-12101
-12100
-12093
-12092
-12089
-12087
-12083
-12080
-12078
-12072
-12070
-12063
-12060
-12060
-12049
-12048
-12045
-12040
-12039
-12036
-12036
-12032
-12027
-12025
-12023
-12019
-12011
-12009
-11993
-11993
-11991
-11987
-11976
-11975
-11974
-11974
-11973
-11972
-11972
-11969
-11968
-11963
-11958
-11955
-11952
-11952
-11950
-11945
-11943
-11943
-11942
-11940
-11938
-11934
-11928
-11924
-11918
-11910
-11910
-11909
-11899
-11897
-11892
-11892
-11887
-11886
-11883
-11882
-11880
-11880
-11878
-11877
-11877
-11875
-11875
-11873
-11872
-11849
-11845
-11837
-11820
-11816
-11816
-11816
-11814
-11805
-11801
-11787
-11785
-11783
-11781
-11780
-11776
-11767
-11765
-11764
-11761
-11760
-11757
-11755
-11750
-11744
-11742
-11741
-11736
-11732
-11723
-11723
-11718
-11718
-11717
-11717
-11714
-11712
-11709
-11707
-11705
-11704
-11704
-11699
-11698
-11697
-11693
-11681
-11676
-11673
-11670
-11665
-11663
-11662
-11658
-11655
-11654
-11653
-11651
-11647
-11646
-11640
-11635
-11633
-11630
-11629
-11621
-11618
-11612
-11611
-11606
-11605
-11605
-11589
-11589
-11589
-11588
-11581
-11576
-11565
-11561
-11557
-11550
-11544
-11543
-11535
-11528
-11526
-11516
-11515
-11503
-11499
-11495
-11492
-11492
-11489
-11484
-11477
-11477
-11476
-11471
-11459
-11457
-11450
-11449
-11442
-11437
-11437
-11434
-11430
-11429
-11424
-11418
-11417
-11415
-11411
-11409
-11401
-11401
-11400
-11397
-11394
-11386
-11383
-11382
-11372
-11369
-11368
-11368
-11367
-11363
-11360
-11359
-11359
-11359
-11358
-11357
-11356
-11352
-11344
-11336
-11335
-11327
-11320
-11309
-11308
-11307
-11300
-11297
-11296
-11289
-11276
-11265
-11265
-11257
-11253
-11250
-11250
-11243
-11237
-11236
-11234
-11233
-11231
-11222
-11219
-11216
-11216
-11214
-11212
-11209
-11205
-11182
-11182
-11181
-11170
-11163
-11162
-11161
-11158
-11153
-11141
-11138
-11136
-11128
-11126
-11125
-11125
-11121
-11118
-11116
-11113
-11107
-11098
-11086
-11082
-11082
-11074
-11072
-11060
-11058
-11049
-11046
-11045
-11044
-11040
-11038
-11037
-11027
-11023
-11014
-11013
-11012
-11005
-11000
-10991
-10990
-10984
-10980
-10976
-10973
-10969
-10967
-10965
-10961
-10958
-10957
-10952
-10946
-10944
-10942
-10940
-10924
-10919
-10917
-10904
-10903
-10900
-10898
-10897
-10893
-10893
-10889
-10887
-10887
-10885
-10868
-10861
-10857
-10851
-10846
-10844
-10839
-10838
-10837
-10837
-10834
-10823
-10814
-10809
-10798
-10795
-10790
-10787
-10785
-10781
-10781
-10779
-10778
-10765
-10753
-10745
-10744
-10743
-10738
-10731
-10723
-10720
-10719
-10718
-10712
-10701
-10699
-10694
-10688
-10688
-10687
-10678
-10675
-10673
-10668
-10668
-10659
-10658
-10648
-10648
-10648
-10645
-10643
-10641
-10638
-10632
-10632
-10626
-10609
-10608
-10602
-10599
-10598
-10595
-10588
-10579
-10578
-10575
-10568
-10563
-10553
-10548
-10546
-10541
-10537
-10537
-10531
-10528
-10525
-10519
-10516
-10513
-10513
-10512
-10511
-10510
-10506
-10497
-10493
-10482
-10480
-10479
-10478
-10477
-10471
-10469
-10464
-10463
-10459
-10459
-10459
-10458
-10454
-10451
-10449
-10449
-10448
-10433
-10431
-10430
-10424
-10424
-10419
-10417
-10417
-10416
-10407
-10406
-10403
-10397
-10395
-10390
-10389
-10386
-10382
-10380
-10375
-10372
-10371
-10367
-10367
-10364
-10360
-10355
-10353
-10351
-10351
-10349
-10346
-10345
-10342
-10341
-10337
-10337
-10337
-10335
-10334
-10322
-10319
-10317
-10314
-10312
-10309
-10303
-10303
-10302
-10300
-10298
-10296
-10294
-10288
-10287
-10283
-10280
-10277
-10273
-10269
-10269
-10268
-10267
-10259
-10257
-10255
-10253
-10242
-10237
-10237
-10227
-10224
-10224
-10215
-10215
-10213
-10212
-10209
-10199
-10196
-10194
-10189
-10187
-10180
-10179
-10174
-10174
-10161
-10160
-10159
-10153
-10148
-10148
-10145
-10144
-10144
-10140
-10118
-10112
-10110
-10106
-10101
-10100
-10093
-10090
-10083
-10080
-10079
-10070
-10059
-10053
-10049
-10045
-10044
-10040
-10039
-10036
-10035
-10035
-10028
-10023
-10018
-10015
-10007
-10003
-9994
-9990
-9985
-9976
-9965
-9959
-9949
-9948
-9945
-9934
-9933
-9932
-9931
-9922
-9915
-9910
-9902
-9901
-9897
-9895
-9895
-9893
-9893
-9892
-9887
-9884
-9875
-9872
-9870
-9870
-9869
-9869
-9864
-9861
-9860
-9860
-9857
-9848
-9847
-9843
-9842
-9840
-9838
-9832
-9831
-9830
-9829
-9820
-9819
-9816
-9802
-9800
-9796
-9794
-9778
-9775
-9766
-9756
-9751
-9751
-9750
-9748
-9743
-9737
-9724
-9716
-9715
-9711
-9707
-9701
-9696
-9696
-9693
-9692
-9686
-9685
-9682
-9678
-9678
-9677
-9664
-9663
-9658
-9655
-9650
-9640
-9633
-9631
-9630
-9629
-9626
-9621
-9619
-9604
-9603
-9603
-9599
-9594
-9584
-9574
-9573
-9573
-9571
-9566
-9565
-9561
-9561
-9559
-9557
-9546
-9544
-9544
-9540
-9536
-9535
-9527
-9527
-9516
-9510
-9500
-9493
-9487
-9485
-9485
-9485
-9477
-9470
-9454
-9453
-9453
-9451
-9450
-9444
-9435
-9427
-9416
-9411
-9404
-9399
-9398
-9397
-9390
-9386
-9383
-9382
-9376
-9375
-9371
-9361
-9360
-9358
-9356
-9352
-9349
-9345
-9342
-9339
-9333
-9331
-9327
-9326
-9314
-9309
-9291
-9291
-9285
-9282
-9281
-9280
-9275
-9272
-9271
-9271
-9262
-9256
-9253
-9243
-9243
-9241
-9239
-9237
-9236
-9233
-9229
-9220
-9217
-9210
-9209
-9204
-9201
-9200
-9194
-9192
-9191
-9191
-9187
-9182
-9178
-9176
-9170
-9168
-9161
-9158
-9142
-9140
-9136
-9132
-9122
-9119
-9111
-9105
-9103
-9102
-9101
-9085
-9084
-9080
-9074
-9068
-9067
-9059
-9057
-9052
-9050
-9047
-9043
-9035
-9032
-9030
-9029
-9028
-9028
-9025
-9023
-9018
-9017
-9016
-9016
-9006
-9004
-8998
-8994
-8992
-8991
-8982
-8971
-8970
-8965
-8954
-8949
-8937
-8936
-8922
-8920
-8919
-8916
-8913
-8913
-8911
-8911
-8905
-8904
-8904
-8904
-8902
-8901
-8901
-8900
-8898
-8897
-8895
-8894
-8889
-8889
-8885
-8874
-8867
-8867
-8862
-8862
-8860
-8858
-8856
-8854
-8842
-8842
-8833
-8830
-8830
-8822
-8819
-8815
-8815
-8809
-8793
-8792
-8787
-8783
-8776
-8775
-8772
-8766
-8759
-8755
-8754
-8753
-8746
-8745
-8742
-8742
-8742
-8733
-8729
-8725
-8718
-8717
-8712
-8709
-8702
-8695
-8692
-8687
-8686
-8683
-8681
-8669
-8663
-8656
-8650
-8649
-8643
-8641
-8638
-8630
-8613
-8601
-8592
-8592
-8580
-8570
-8570
-8565
-8562
-8550
-8548
-8539
-8537
-8536
-8536
-8533
-8533
-8523
-8522
-8518
-8518
-8518
-8502
-8499
-8497
-8497
-8495
-8495
-8490
-8489
-8483
-8483
-8481
-8476
-8472
-8462
-8457
-8454
-8448
-8444
-8442
-8440
-8440
-8435
-8430
-8420
-8408
-8406
-8403
-8400
-8400
-8396
-8393
-8385
-8384
-8374
-8370
-8367
-8367
-8363
-8354
-8353
-8336
-8326
-8318
-8318
-8314
-8311
-8307
-8306
-8304
-8300
-8297
-8290
-8289
-8283
-8282
-8278
-8273
-8272
-8272
-8270
-8268
-8265
-8255
-8242
-8241
-8241
-8240
-8235
-8233
-8227
-8225
-8223
-8222
-8221
-8215
-8210
-8204
-8197
-8194
-8190
-8188
-8179
-8169
-8160
-8158
-8154
-8153
-8149
-8147
-8145
-8144
-8132
-8118
-8117
-8116
-8112
-8109
-8106
-8102
-8089
-8087
-8079
-8074
-8063
-8063
-8063
-8059
-8057
-8057
-8052
-8043
-8042
-8038
-8037
-8033
-8030
-8028
-8025
-8023
-8019
-8004
-8002
-7996
-7981
-7981
-7978
-7965
-7955
-7953
-7948
-7948
-7941
-7940
-7926
-7920
-7920
-7915
-7908
-7906
-7905
-7891
-7883
-7883
-7883
-7882
-7882
-7881
-7871
-7869
-7864
-7863
-7860
-7856
-7846
-7843
-7840
-7837
-7825
-7821
-7818
-7813
-7812
-7804
-7798
-7796
-7795
-7778
-7758
-7755
-7753
-7733
-7732
-7727
-7727
-7724
-7723
-7719
-7708
-7707
-7706
-7694
-7692
-7687
-7684
-7681
-7678
-7677
-7674
-7668
-7666
-7659
-7658
-7649
-7648
-7648
-7643
-7634
-7621
-7619
-7614
-7612
-7611
-7601
-7593
-7581
-7580
-7578
-7576
-7576
-7569
-7563
-7562
-7559
-7554
-7553
-7553
-7550
-7549
-7547
-7543
-7540
-7537
-7534
-7527
-7525
-7520
-7518
-7508
-7504
-7503
-7500
-7490
-7487
-7487
-7485
-7476
-7470
-7448
-7448
-7444
-7444
-7444
-7437
-7437
-7434
-7433
-7423
-7417
-7409
-7396
-7377
-7369
-7365
-7360
-7357
-7356
-7354
-7349
-7348
-7347
-7344
-7343
-7340
-7333
-7322
-7320
-7318
-7313
-7306
-7302
-7291
-7289
-7288
-7279
-7265
-7264
-7259
-7253
-7238
-7237
-7219
-7219
-7217
-7217
-7215
-7215
-7214
-7210
-7209
-7198
-7197
-7194
-7191
-7189
-7189
-7188
-7182
-7181
-7180
-7176
-7174
-7172
-7169
-7164
-7163
-7161
-7155
-7142
-7142
-7141
-7140
-7140
-7138
-7133
-7127
-7126
-7125
-7125
-7122
-7120
-7116
-7115
-7112
-7109
-7108
-7103
-7096
-7096
-7095
-7095
-7093
-7092
-7092
-7089
-7087
-7087
-7086
-7083
-7080
-7079
-7079
-7071
-7067
-7066
-7064
-7060
-7056
-7056
-7054
-7051
-7041
-7040
-7040
-7038
-7034
-7031
-7025
-7022
-7017
-7010
-7004
-6998
-6997
-6993
-6992
-6981
-6975
-6970
-6960
-6955
-6952
-6951
-6944
-6942
-6932
-6927
-6922
-6921
-6921
-6914
-6911
-6903
-6902
-6894
-6887
-6885
-6881
-6880
-6866
-6864
-6862
-6861
-6859
-6850
-6849
-6849
-6843
-6841
-6841
-6839
-6835
-6833
-6829
-6826
-6826
-6822
-6815
-6812
-6804
-6799
-6796
-6796
-6791
-6785
-6784
-6778
-6771
-6768
-6759
-6755
-6751
-6749
-6743
-6740
-6736
-6734
-6733
-6732
-6729
-6729
-6719
-6715
-6707
-6704
-6703
-6699
-6699
-6697
-6690
-6689
-6686
-6681
-6678
-6674
-6667
-6666
-6660
-6637
-6635
-6632
-6629
-6627
-6625
-6622
-6622
-6616
-6615
-6612
-6612
-6612
-6609
-6609
-6607
-6601
-6596
-6592
-6583
-6581
-6580
-6578
-6567
-6567
-6565
-6562
-6561
-6554
-6552
-6548
-6543
-6540
-6538
-6521
-6515
-6503
-6502
-6499
-6499
-6498
-6494
-6488
-6487
-6487
-6486
-6484
-6482
-6479
-6473
-6473
-6472
-6465
-6463
-6463
-6459
-6454
-6435
-6434
-6434
-6433
-6428
-6422
-6420
-6416
-6410
-6404
-6404
-6404
-6400
-6397
-6396
-6394
-6392
-6389
-6388
-6385
-6380
-6378
-6374
-6361
-6357
-6355
-6345
-6342
-6322
-6318
-6315
-6315
-6313
-6304
-6303
-6296
-6282
-6279
-6272
-6265
-6263
-6263
-6258
-6234
-6233
-6231
-6229
-6225
-6224
-6222
-6222
-6220
-6214
-6213
-6212
-6209
-6203
-6200
-6199
-6197
-6190
-6187
-6185
-6179
-6174
-6174
-6161
-6159
-6158
-6150
-6140
-6135
-6133
-6126
-6125
-6125
-6116
-6111
-6111
-6109
-6105
-6104
-6103
-6099
-6094
-6091
-6086
-6085
-6082
-6070
-6068
-6064
-6063
-6062
-6052
-6043
-6037
-6033
-6032
-6030
-6028
-6020
-6019
-6016
-6009
-5991
-5988
-5987
-5982
-5982
-5973
-5958
-5958
-5952
-5940
-5938
-5935
-5933
-5933
-5931
-5931
-5925
-5919
-5916
-5911
-5909
-5907
-5895
-5893
-5876
-5869
-5866
-5864
-5860
-5847
-5845
-5841
-5833
-5831
-5827
-5826
-5822
-5820
-5820
-5819
-5812
-5808
-5804
-5803
-5800
-5800
-5799
-5799
-5790
-5788
-5786
-5782
-5781
-5779
-5774
-5769
-5765
-5764
-5747
-5744
-5744
-5742
-5739
-5738
-5736
-5726
-5717
-5713
-5697
-5696
-5695
-5694
-5693
-5686
-5686
-5685
-5682
-5679
-5677
-5672
-5666
-5666
-5665
-5664
-5649
-5643
-5642
-5640
-5637
-5625
-5618
-5614
-5614
-5609
-5608
-5606
-5605
-5601
-5591
-5589
-5587
-5586
-5584
-5578
-5575
-5575
-5575
-5572
-5570
-5561
-5561
-5558
-5555
-5555
-5552
-5542
-5540
-5540
-5537
-5536
-5526
-5525
-5524
-5516
-5511
-5510
-5510
-5503
-5501
-5500
-5497
-5492
-5490
-5472
-5464
-5461
-5460
-5457
-5438
-5434
-5433
-5433
-5432
-5429
-5428
-5421
-5421
-5419
-5418
-5415
-5408
-5399
-5398
-5388
-5388
-5387
-5381
-5378
-5374
-5373
-5368
-5368
-5360
-5352
-5348
-5348
-5344
-5341
-5339
-5330
-5330
-5325
-5319
-5315
-5314
-5313
-5307
-5304
-5301
-5296
-5296
-5294
-5289
-5284
-5280
-5277
-5267
-5265
-5264
-5264
-5250
-5247
-5247
-5247
-5244
-5239
-5237
-5236
-5229
-5227
-5227
-5222
-5222
-5221
-5219
-5218
-5212
-5201
-5199
-5194
-5186
-5185
-5182
-5181
-5181
-5180
-5180
-5175
-5168
-5164
-5158
-5157
-5152
-5151
-5143
-5141
-5137
-5129
-5128
-5127
-5127
-5122
-5120
-5118
-5113
-5112
-5101
-5094
-5091
-5088
-5086
-5086
-5083
-5077
-5076
-5075
-5075
-5074
-5072
-5068
-5067
-5062
-5045
-5039
-5026
-5025
-5021
-5017
-5017
-5015
-5009
-5007
-5006
-5002
-4996
-4994
-4994
-4988
-4988
-4979
-4974
-4967
-4966
-4956
-4950
-4945
-4943
-4942
-4941
-4937
-4930
-4928
-4921
-4918
-4914
-4913
-4910
-4894
-4888
-4882
-4878
-4874
-4874
-4873
-4872
-4869
-4865
-4860
-4858
-4856
-4851
-4848
-4848
-4832
-4831
-4812
-4811
-4804
-4802
-4798
-4797
-4785
-4764
-4758
-4751
-4745
-4744
-4741
-4728
-4717
-4714
-4714
-4711
-4704
-4689
-4681
-4679
-4675
-4675
-4673
-4669
-4667
-4664
-4652
-4649
-4647
-4645
-4644
-4633
-4631
-4629
-4621
-4615
-4613
-4612
-4604
-4599
-4599
-4597
-4595
-4589
-4584
-4575
-4574
-4571
-4562
-4561
-4556
-4556
-4552
-4547
-4543
-4541
-4539
-4534
-4532
-4524
-4521
-4507
-4501
-4499
-4499
-4495
-4493
-4492
-4491
-4490
-4490
-4481
-4476
-4471
-4465
-4465
-4464
-4462
-4459
-4456
-4452
-4447
-4436
-4435
-4427
-4423
-4422
-4418
-4415
-4406
-4404
-4403
-4396
-4395
-4389
-4385
-4383
-4382
-4377
-4373
-4373
-4367
-4360
-4359
-4359
-4354
-4354
-4353
-4347
-4334
-4326
-4324
-4324
-4321
-4319
-4314
-4306
-4306
-4305
-4300
-4296
-4295
-4291
-4281
-4273
-4268
-4267
-4263
-4253
-4248
-4240
-4238
-4233
-4225
-4219
-4214
-4212
-4203
-4201
-4194
-4190
-4183
-4182
-4174
-4173
-4157
-4156
-4156
-4154
-4147
-4146
-4146
-4140
-4137
-4131
-4125
-4125
-4124
-4121
-4120
-4120
-4119
-4119
-4113
-4111
-4110
-4108
-4097
-4090
-4080
-4076
-4076
-4070
-4069
-4064
-4064
-4063
-4058
-4057
-4037
-4036
-4027
-4024
-4022
-4022
-4021
-4016
-4011
-4009
-4007
-3996
-3995
-3994
-3991
-3989
-3988
-3984
-3974
-3970
-3966
-3965
-3963
-3961
-3959
-3959
-3951
-3951
-3947
-3947
-3943
-3936
-3934
-3932
-3932
-3928
-3927
-3927
-3922
-3921
-3921
-3914
-3911
-3906
-3905
-3903
-3886
-3885
-3884
-3880
-3880
-3877
-3862
-3851
-3847
-3847
-3846
-3843
-3843
-3842
-3836
-3836
-3832
-3828
-3822
-3820
-3819
-3816
-3810
-3809
-3802
-3801
-3799
-3799
-3796
-3795
-3788
-3785
-3782
-3781
-3780
-3778
-3776
-3776
-3765
-3763
-3742
-3740
-3740
-3737
-3736
-3731
-3730
-3730
-3730
-3723
-3721
-3719
-3716
-3711
-3706
-3700
-3697
-3694
-3684
-3684
-3668
-3667
-3663
-3660
-3654
-3651
-3647
-3647
-3644
-3628
-3627
-3617
-3600
-3593
-3587
-3585
-3574
-3573
-3560
-3558
-3551
-3550
-3548
-3536
-3535
-3530
-3529
-3525
-3525
-3519
-3513
-3501
-3496
-3496
-3495
-3487
-3485
-3483
-3480
-3478
-3474
-3474
-3469
-3463
-3462
-3461
-3461
-3456
-3455
-3451
-3438
-3437
-3431
-3421
-3418
-3418
-3415
-3414
-3413
-3407
-3403
-3402
-3401
-3401
-3399
-3398
-3394
-3380
-3377
-3372
-3361
-3355
-3355
-3354
-3353
-3347
-3345
-3345
-3342
-3338
-3338
-3337
-3335
-3333
-3329
-3327
-3323
-3322
-3321
-3307
-3306
-3299
-3296
-3292
-3288
-3284
-3283
-3280
-3278
-3276
-3274
-3262
-3259
-3258
-3251
-3251
-3247
-3247
-3245
-3240
-3235
-3233
-3232
-3221
-3215
-3213
-3210
-3207
-3205
-3205
-3204
-3196
-3196
-3194
-3192
-3191
-3189
-3187
-3184
-3172
-3170
-3166
-3164
-3159
-3150
-3148
-3142
-3135
-3122
-3121
-3115
-3113
-3111
-3111
-3110
-3109
-3107
-3105
-3100
-3099
-3097
-3096
-3096
-3094
-3085
-3085
-3080
-3077
-3077
-3071
-3069
-3069
-3068
-3058
-3055
-3054
-3049
-3047
-3040
-3038
-3034
-3033
-3026
-3026
-3024
-3017
-3016
-3015
-3014
-3011
-3006
-3004
-3002
-3000
-2999
-2999
-2995
-2989
-2986
-2983
-2977
-2973
-2972
-2966
-2964
-2964
-2964
-2953
-2951
-2941
-2930
-2923
-2919
-2918
-2915
-2908
-2907
-2902
-2902
-2899
-2897
-2892
-2892
-2885
-2884
-2877
-2869
-2866
-2861
-2856
-2854
-2852
-2852
-2849
-2849
-2843
-2819
-2818
-2815
-2814
-2812
-2811
-2802
-2802
-2799
-2796
-2788
-2768
-2765
-2757
-2756
-2753
-2748
-2741
-2737
-2734
-2730
-2720
-2716
-2714
-2703
-2699
-2694
-2692
-2688
-2686
-2683
-2677
-2677
-2676
-2666
-2653
-2645
-2640
-2638
-2630
-2629
-2628
-2626
-2625
-2616
-2616
-2604
-2601
-2596
-2586
-2581
-2580
-2576
-2575
-2572
-2566
-2565
-2540
-2538
-2538
-2537
-2531
-2528
-2527
-2526
-2524
-2519
-2519
-2510
-2503
-2503
-2493
-2492
-2487
-2480
-2475
-2473
-2467
-2462
-2462
-2455
-2455
-2455
-2452
-2451
-2444
-2436
-2434
-2432
-2426
-2424
-2422
-2421
-2409
-2405
-2397
-2396
-2390
-2388
-2386
-2386
-2385
-2380
-2380
-2376
-2373
-2372
-2371
-2366
-2362
-2362
-2360
-2353
-2351
-2349
-2349
-2347
-2337
-2333
-2329
-2316
-2312
-2306
-2303
-2300
-2296
-2293
-2289
-2285
-2276
-2274
-2274
-2271
-2268
-2267
-2266
-2257
-2254
-2254
-2251
-2247
-2246
-2225
-2225
-2224
-2222
-2222
-2218
-2207
-2194
-2190
-2178
-2174
-2172
-2172
-2169
-2167
-2165
-2156
-2151
-2142
-2138
-2138
-2135
-2131
-2130
-2127
-2124
-2118
-2114
-2110
-2103
-2091
-2083
-2080
-2079
-2071
-2065
-2065
-2063
-2060
-2060
-2060
-2059
-2058
-2057
-2054
-2052
-2049
-2040
-2036
-2036
-2032
-2031
-2029
-2025
-2025
-2023
-2020
-2020
-2011
-2007
-2006
-2003
-1996
-1992
-1990
-1988
-1985
-1978
-1977
-1977
-1975
-1970
-1970
-1969
-1969
-1966
-1961
-1960
-1955
-1952
-1940
-1928
-1927
-1926
-1913
-1911
-1910
-1909
-1907
-1904
-1904
-1897
-1894
-1893
-1884
-1881
-1877
-1873
-1847
-1837
-1836
-1821
-1818
-1817
-1815
-1807
-1806
-1803
-1799
-1799
-1798
-1791
-1790
-1787
-1785
-1781
-1771
-1766
-1758
-1749
-1746
-1744
-1742
-1736
-1734
-1724
-1724
-1718
-1716
-1706
-1705
-1705
-1702
-1681
-1679
-1678
-1677
-1677
-1675
-1674
-1672
-1671
-1667
-1665
-1663
-1658
-1658
-1657
-1656
-1653
-1653
-1642
-1638
-1637
-1636
-1636
-1636
-1632
-1629
-1628
-1617
-1614
-1612
-1610
-1603
-1600
-1598
-1598
-1595
-1595
-1588
-1572
-1564
-1559
-1556
-1543
-1541
-1540
-1536
-1533
-1533
-1531
-1529
-1522
-1512
-1503
-1500
-1499
-1485
-1482
-1481
-1474
-1472
-1459
-1456
-1452
-1451
-1447
-1443
-1440
-1434
-1421
-1421
-1416
-1412
-1405
-1402
-1395
-1388
-1386
-1382
-1382
-1374
-1374
-1373
-1371
-1359
-1355
-1343
-1343
-1338
-1334
-1330
-1327
-1320
-1319
-1319
-1297
-1292
-1290
-1289
-1283
-1274
-1261
-1252
-1249
-1247
-1241
-1238
-1234
-1232
-1221
-1217
-1216
-1214
-1211
-1204
-1198
-1195
-1190
-1187
-1186
-1183
-1179
-1167
-1165
-1156
-1152
-1145
-1141
-1138
-1138
-1136
-1134
-1133
-1132
-1132
-1123
-1122
-1120
-1118
-1114
-1100
-1100
-1099
-1090
-1090
-1087
-1086
-1086
-1080
-1077
-1075
-1068
-1063
-1062
-1057
-1051
-1046
-1043
-1035
-1033
-1030
-1018
-1017
-1015
-1012
-1008
-1006
-997
-995
-994
-991
-988
-986
-982
-981
-967
-966
-963
-961
-960
-956
-949
-948
-944
-939
-938
-935
-934
-920
-917
-916
-916
-914
-913
-913
-910
-907
-906
-903
-899
-898
-897
-897
-891
-890
-884
-880
-880
-879
-867
-841
-839
-835
-835
-833
-832
-826
-822
-822
-797
-784
-777
-771
-771
-762
-754
-753
-738
-737
-732
-728
-724
-724
-720
-710
-709
-705
-704
-703
-702
-695
-692
-685
-679
-673
-661
-658
-656
-655
-650
-650
-647
-646
-646
-646
-644
-643
-636
-633
-624
-619
-617
-616
-611
-611
-607
-599
-589
-581
-569
-566
-564
-562
-560
-555
-548
-544
-540
-537
-536
-534
-533
-530
-529
-526
-526
-521
-520
-515
-512
-512
-510
-508
-505
-499
-493
-491
-489
-488
-479
-479
-471
-470
-467
-459
-452
-452
-449
-449
-448
-447
-447
-446
-440
-429
-426
-415
-415
-414
-412
-397
-393
-392
-390
-390
-387
-371
-370
-369
-368
-367
-366
-365
-364
-360
-359
-358
-348
-339
-338
-338
-336
-328
-328
-326
-316
-313
-311
-309
-301
-299
-291
-290
-288
-288
-288
-276
-275
-272
-268
-266
-263
-254
-254
-251
-242
-238
-238
-238
-231
-228
-220
-217
-208
-203
-194
-194
-180
-164
-159
-158
-152
-151
-151
-149
-143
-140
-135
-133
-131
-114
-108
-100
-90
-90
-88
-86
-84
-83
-72
-69
-62
-59
-59
-58
-53
-52
-47
-45
-41
-41
-38
-34
-28
-25
-23
-18
-13
-12
-7
-3
-3
0
5
13
18
21
26
26
32
35
39
42
46
47
54
57
63
65
67
74
74
77
85
92
94
99
99
106
108
112
115
116
117
122
125
125
126
132
135
135
141
146
146
148
148
152
153
154
154
154
157
164
166
166
168
173
175
179
180
188
189
191
192
193
197
205
206
206
211
213
215
222
222
224
233
236
237
239
240
245
246
247
249
249
249
254
256
258
259
262
269
273
275
277
283
285
286
299
301
304
306
310
310
311
313
320
335
337
338
343
344
344
349
349
354
368
373
383
385
389
394
401
403
411
414
415
420
425
426
430
440
440
446
447
451
459
461
463
464
465
472
476
477
486
491
492
493
497
500
501
505
516
521
522
537
540
545
547
547
549
552
554
565
568
576
579
587
588
590
606
615
619
622
629
630
634
648
649
649
659
660
660
661
662
665
668
669
679
679
686
690
699
700
703
704
706
710
713
713
720
727
733
749
760
765
765
766
769
772
774
777
783
783
789
789
800
801
804
805
805
806
808
809
811
813
818
820
822
825
828
829
838
843
844
848
856
856
857
861
864
867
868
869
872
873
882
882
887
890
891
893
897
897
904
906
912
924
924
925
927
932
939
948
950
966
969
971
975
979
987
994
1000
1003
1005
1008
1011
1011
1014
1017
1020
1022
1023
1025
1028
1029
1033
1037
1043
1044
1051
1053
1060
1076
1091
1091
1092
1095
1096
1097
1109
1114
1121
1130
1131
1136
1138
1145
1149
1149
1162
1164
1169
1172
1174
1178
1179
1179
1185
1186
1194
1200
1202
1214
1225
1227
1230
1232
1239
1240
1240
1242
1245
1251
1258
1260
1275
1281
1283
1287
1294
1296
1300
1306
1314
1314
1315
1317
1318
1321
1324
1332
1334
1335
1336
1343
1344
1350
1353
1382
1383
1383
1385
1386
1389
1390
1395
1399
1406
1408
1410
1421
1422
1423
1423
1435
1443
1443
1444
1449
1454
1457
1459
1473
1491
1496
1502
1502
1504
1507
1535
1537
1543
1546
1564
1565
1568
1571
1572
1585
1587
1591
1592
1593
1596
1601
1605
1606
1610
1614
1615
1616
1618
1633
1645
1645
1646
1649
1652
1654
1656
1657
1664
1664
1669
1675
1681
1686
1689
1689
1690
1691
1695
1695
1706
1707
1709
1716
1716
1717
1718
1718
1719
1727
1730
1730
1730
1746
1746
1751
1759
1759
1761
1761
1763
1763
1780
1783
1789
1791
1791
1794
1795
1799
1805
1821
1822
1822
1823
1826
1829
1835
1852
1858
1864
1868
1875
1875
1883
1884
1884
1888
1888
1889
1898
1908
1913
1915
1917
1925
1925
1927
1927
1930
1930
1933
1943
1947
1948
1948
1955
1958
1963
1965
1967
1969
1970
1971
1974
1976
1976
1983
1991
1995
2000
2000
2001
2005
2006
2008
2011
2014
2014
2015
2019
2021
2027
2031
2034
2040
2046
2048
2052
2054
2055
2056
2056
2056
2062
2064
2065
2071
2082
2083
2084
2094
2098
2103
2104
2107
2108
2110
2111
2113
2114
2114
2116
2117
2118
2122
2122
2123
2127
2134
2138
2151
2158
2166
2166
2171
2172
2174
2178
2183
2189
2192
2193
2199
2201
2205
2211
2214
2218
2220
2220
2224
2225
2226
2235
2241
2255
2261
2262
2265
2265
2269
2271
2283
2289
2291
2303
2311
2311
2312
2312
2318
2318
2324
2327
2346
2346
2347
2350
2357
2359
2360
2368
2373
2382
2382
2390
2397
2398
2401
2402
2412
2418
2418
2425
2426
2430
2430
2441
2443
2447
2452
2457
2468
2471
2475
2479
2480
2482
2484
2491
2496
2497
2502
2505
2507
2510
2513
2521
2530
2534
2536
2538
2538
2542
2545
2552
2561
2564
2565
2565
2570
2571
2572
2573
2581
2585
2586
2587
2593
2603
2604
2608
2609
2622
2627
2630
2632
2635
2636
2643
2645
2646
2648
2656
2656
2656
2657
2658
2661
2661
2663
2665
2673
2674
2688
2688
2688
2694
2698
2702
2702
2702
2703
2711
2713
2715
2718
2725
2732
2745
2746
2747
2748
2755
2755
2758
2759
2766
2771
2772
2774
2775
2777
2778
2796
2801
2813
2813
2813
2815
2817
2822
2823
2823
2825
2828
2839
2843
2844
2852
2857
2860
2860
2864
2884
2890
2891
2891
2894
2908
2908
2909
2913
2916
2918
2920
2921
2925
2928
2932
2934
2939
2953
2956
2992
2994
2996
3001
3003
3011
3014
3016
3022
3023
3026
3030
3031
3037
3038
3040
3047
3048
3051
3058
3060
3061
3062
3067
3076
3078
3091
3101
3102
3107
3109
3110
3110
3118
3124
3129
3131
3135
3137
3142
3142
3144
3162
3178
3179
3181
3181
3183
3184
3186
3188
3200
3201
3202
3204
3208
3212
3215
3218
3219
3220
3230
3234
3235
3250
3255
3257
3257
3259
3261
3261
3264
3272
3277
3280
3281
3283
3289
3292
3293
3301
3303
3307
3308
3314
3316
3318
3327
3328
3333
3334
3337
3343
3343
3344
3347
3348
3354
3355
3365
3365
3365
3366
3368
3369
3371
3375
3378
3388
3390
3393
3398
3404
3405
3410
3411
3413
3418
3420
3421
3424
3425
3430
3431
3434
3435
3436
3436
3436
3437
3440
3440
3442
3442
3463
3464
3465
3469
3473
3488
3491
3497
3502
3509
3513
3520
3521
3524
3531
3535
3540
3555
3556
3559
3560
3567
3567
3569
3574
3578
3580
3584
3585
3586
3589
3592
3601
3603
3603
3605
3606
3608
3608
3610
3610
3616
3621
3622
3623
3631
3634
3640
3644
3650
3659
3660
3660
3663
3667
3669
3670
3675
3675
3679
3690
3703
3706
3709
3715
3715
3716
3716
3717
3718
3721
3721
3732
3735
3735
3736
3741
3764
3770
3771
3780
3797
3804
3808
3810
3834
3835
3846
3849
3850
3858
3862
3864
3866
3868
3873
3874
3877
3877
3882
3884
3886
3887
3892
3897
3899
3901
3908
3908
3909
3911
3912
3914
3918
3922
3932
3936
3946
3947
3948
3951
3951
3954
3960
3963
3968
3970
3971
3972
3973
3981
3981
3985
3985
3990
3991
3992
3993
3994
3995
3996
3998
3999
4000
4000
4003
4005
4011
4017
4018
4019
4027
4028
4035
4038
4044
4047
4052
4055
4063
4067
4069
4081
4082
4085
4087
4089
4095
4101
4107
4108
4109
4112
4113
4114
4121
4122
4124
4129
4130
4130
4131
4133
4137
4137
4138
4149
4154
4154
4162
4163
4171
4178
4180
4183
4183
4188
4196
4205
4207
4208
4210
4212
4223
4225
4226
4248
4266
4269
4296
4297
4297
4298
4300
4306
4310
4315
4320
4333
4341
4353
4359
4375
4378
4381
4392
4400
4407
4408
4411
4413
4415
4417
4419
4421
4423
4423
4435
4436
4445
4451
4458
4466
4469
4471
4477
4479
4488
4497
4499
4500
4504
4512
4515
4525
4525
4532
4545
4547
4549
4551
4552
4552
4558
4560
4560
4561
4565
4567
4574
4574
4586
4595
4609
4614
4620
4633
4643
4653
4656
4662
4665
4665
4670
4672
4674
4677
4680
4681
4683
4684
4684
4694
4697
4701
4704
4704
4710
4718
4719
4720
4723
4723
4729
4733
4736
4742
4749
4751
4753
4755
4757
4760
4768
4769
4773
4773
4774
4776
4777
4783
4788
4794
4802
4809
4811
4812
4827
4830
4836
4838
4844
4849
4853
4855
4858
4863
4863
4872
4875
4876
4878
4879
4882
4882
4886
4887
4889
4898
4899
4903
4904
4909
4910
4917
4921
4931
4936
4944
4948
4949
4951
4970
4973
4979
4990
4992
5004
5005
5006
5006
5009
5012
5016
5025
5029
5035
5039
5041
5043
5045
5048
5061
5068
5069
5071
5077
5077
5093
5095
5110
5110
5117
5119
5119
5121
5125
5126
5129
5130
5133
5135
5136
5137
5139
5142
5145
5151
5151
5155
5157
5157
5169
5169
5171
5173
5174
5175
5176
5176
5178
5180
5185
5194
5199
5200
5200
5208
5208
5210
5210
5211
5213
5219
5220
5222
5223
5225
5233
5235
5235
5238
5240
5246
5254
5254
5256
5269
5269
5270
5280
5291
5297
5300
5303
5306
5316
5316
5318
5320
5322
5322
5324
5325
5328
5348
5353
5353
5357
5358
5361
5366
5370
5371
5372
5373
5378
5386
5392
5405
5406
5420
5423
5433
5437
5451
5452
5454
5456
5459
5462
5465
5474
5483
5485
5492
5495
5496
5501
5502
5506
5511
5513
5514
5515
5515
5522
5523
5528
5543
5543
5546
5555
5561
5567
5569
5575
5587
5587
5590
5590
5604
5606
5621
5630
5633
5633
5633
5637
5637
5639
5644
5645
5646
5656
5659
5665
5665
5666
5669
5669
5676
5700
5706
5709
5709
5710
5714
5721
5722
5727
5727
5728
5730
5732
5734
5735
5736
5748
5750
5763
5766
5770
5772
5780
5786
5797
5801
5808
5809
5810
5811
5816
5818
5818
5818
5822
5822
5824
5824
5825
5829
5836
5845
5845
5854
5864
5867
5869
5871
5874
5878
5881
5882
5882
5884
5887
5889
5890
5891
5891
5895
5898
5908
5909
5912
5915
5923
5924
5940
5941
5949
5949
5951
5969
5970
5977
5980
5981
5986
5989
5992
5996
6000
6010
6012
6016
6017
6018
6021
6025
6027
6032
6038
6044
6045
6046
6047
6050
6051
6051
6064
6070
6073
6077
6087
6087
6090
6099
6100
6105
6107
6110
6116
6120
6126
6127
6133
6133
6139
6141
6150
6158
6165
6166
6171
6177
6182
6182
6183
6188
6189
6190
6192
6203
6206
6208
6214
6221
6221
6228
6232
6234
6237
6245
6250
6251
6258
6268
6269
6271
6274
6279
6290
6293
6300
6307
6313
6315
6320
6325
6326
6326
6328
6335
6338
6343
6356
6356
6360
6361
6361
6364
6370
6372
6378
6380
6381
6382
6387
6387
6391
6393
6396
6401
6405
6407
6407
6409
6416
6417
6418
6439
6440
6441
6447
6448
6449
6449
6450
6454
6454
6455
6467
6469
6470
6470
6471
6473
6474
6475
6477
6478
6479
6482
6491
6492
6493
6503
6504
6506
6507
6511
6520
6521
6528
6531
6532
6536
6546
6560
6560
6562
6569
6569
6575
6579
6581
6582
6584
6592
6594
6594
6595
6596
6602
6608
6608
6609
6611
6614
6617
6620
6620
6623
6632
6637
6641
6650
6653
6655
6673
6678
6679
6692
6698
6699
6705
6713
6713
6721
6721
6723
6723
6725
6726
6740
6744
6767
6770
6771
6781
6781
6785
6786
6788
6788
6788
6796
6797
6797
6803
6805
6809
6812
6817
6817
6820
6820
6825
6832
6839
6840
6846
6852
6852
6853
6857
6859
6860
6867
6869
6875
6882
6884
6886
6891
6896
6897
6898
6900
6901
6904
6905
6908
6910
6912
6917
6918
6921
6925
6929
6931
6932
6936
6939
6941
6945
6945
6945
6954
6955
6956
6961
6962
6976
6977
6987
6987
6991
6992
6992
6996
6998
6999
7001
7002
7004
7012
7018
7020
7023
7026
7032
7040
7042
7043
7051
7058
7061
7064
7069
7070
7073
7080
7085
7089
7092
7097
7097
7097
7120
7126
7131
7135
7141
7144
7144
7148
7150
7154
7154
7162
7165
7173
7177
7180
7185
7187
7191
7191
7191
7194
7198
7200
7204
7206
7213
7219
7219
7222
7226
7228
7232
7236
7241
7245
7248
7250
7252
7255
7259
7265
7267
7271
7274
7277
7284
7288
7291
7291
7298
7307
7317
7324
7331
7333
7334
7338
7339
7353
7361
7364
7375
7386
7388
7389
7389
7391
7391
7393
7394
7397
7400
7401
7408
7410
7410
7412
7414
7419
7434
7439
7441
7443
7450
7454
7455
7456
7457
7477
7491
7493
7499
7502
7504
7505
7505
7506
7508
7508
7516
7527
7537
7545
7555
7569
7571
7574
7578
7585
7591
7593
7596
7596
7601
7607
7609
7609
7614
7620
7626
7632
7640
7640
7659
7661
7664
7667
7668
7669
7675
7678
7684
7684
7686
7690
7694
7699
7699
7708
7709
7716
7718
7720
7722
7725
7727
7740
7741
7742
7742
7760
7765
7767
7770
7774
7780
7781
7782
7783
7793
7795
7799
7801
7809
7816
7834
7836
7840
7842
7846
7847
7851
7853
7862
7862
7864
7865
7868
7875
7875
7876
7879
7883
7894
7902
7904
7912
7914
7914
7915
7918
7937
7944
7944
7950
7950
7958
7958
7961
7961
7966
7968
7969
7975
7975
7981
7985
7993
8001
8002
8004
8006
8010
8016
8019
8025
8028
8029
8047
8048
8049
8068
8072
8073
8078
8079
8081
8082
8083
8093
8095
8097
8098
8104
8116
8119
8122
8123
8123
8131
8145
8151
8151
8156
8156
8165
8168
8181
8183
8188
8196
8196
8208
8209
8215
8221
8221
8225
8243
8248
8251
8255
8256
8257
8270
8270
8271
8275
8279
8282
8284
8288
8292
8293
8294
8295
8298
8304
8316
8323
8326
8326
8327
8329
8332
8340
8341
8343
8345
8348
8352
8356
8361
8365
8370
8388
8389
8391
8391
8401
8413
8415
8416
8416
8420
8428
8431
8440
8459
8459
8461
8465
8468
8472
8485
8490
8494
8519
8530
8534
8540
8542
8545
8546
8546
8548
8551
8556
8557
8562
8565
8566
8568
8568
8571
8575
8579
8584
8586
8596
8597
8599
8631
8639
8639
8641
8641
8642
8645
8648
8656
8661
8668
8678
8682
8682
8684
8685
8686
8696
8699
8701
8710
8714
8714
8726
8728
8728
8731
8735
8735
8737
8737
8738
8738
8739
8747
8749
8754
8755
8757
8759
8765
8768
8774
8775
8778
8779
8779
8789
8799
8799
8802
8806
8812
8814
8817
8820
8821
8827
8831
8831
8831
8833
8835
8836
8848
8849
8854
8856
8861
8867
8879
8883
8888
8899
8905
8908
8909
8913
8915
8916
8919
8924
8925
8927
8928
8929
8932
8942
8946
8948
8951
8960
8964
8969
8972
8972
8979
8983
8983
8988
8993
8996
8998
9008
9010
9014
9018
9019
9033
9033
9035
9042
9046
9047
9048
9056
9064
9064
9065
9073
9078
9079
9080
9082
9085
9089
9098
9099
9103
9108
9111
9117
9118
9122
9123
9123
9126
9130
9131
9132
9134
9136
9140
9142
9154
9166
9169
9174
9175
9187
9189
9193
9198
9199
9200
9200
9202
9203
9204
9205
9206
9215
9217
9224
9224
9226
9226
9233
9237
9237
9239
9259
9267
9269
9272
9273
9274
9275
9280
9284
9286
9288
9291
9297
9301
9303
9304
9309
9310
9317
9318
9322
9326
9327
9330
9334
9335
9336
9341
9348
9350
9353
9354
9358
9359
9360
9371
9380
9386
9387
9390
9392
9398
9410
9413
9414
9419
9420
9426
9440
9445
9447
9448
9449
9456
9457
9459
9472
9474
9480
9485
9486
9491
9493
9495
9504
9509
9512
9513
9514
9521
9524
9525
9527
9527
9530
9531
9532
9534
9537
9542
9543
9544
9546
9564
9573
9589
9591
9612
9614
9615
9617
9620
9625
9625
9634
9639
9643
9645
9650
9666
9667
9672
9673
9673
9676
9677
9677
9684
9684
9686
9689
9693
9694
9704
9704
9706
9722
9726
9727
9733
9758
9759
9765
9765
9773
9777
9777
9779
9782
9784
9791
9793
9810
9812
9812
9815
9818
9826
9837
9838
9838
9841
9843
9846
9853
9854
9854
9856
9859
9861
9863
9871
9872
9878
9893
9894
9896
9903
9909
9910
9910
9911
9912
9914
9918
9924
9930
9937
9945
9946
9952
9954
9955
9956
9961
9968
9969
9976
9977
9980
9998
9999
10003
10008
10015
10026
10028
10030
10035
10036
10038
10044
10044
10051
10052
10055
10057
10058
10059
10068
10072
10081
10090
10093
10098
10100
10107
10112
10114
10116
10120
10122
10144
10146
10157
10160
10167
10168
10169
10172
10185
10193
10202
10204
10204
10206
10208
10212
10214
10218
10231
10233
10235
10243
10248
10259
10264
10269
10272
10276
10276
10282
10283
10284
10284
10288
10299
10299
10300
10301
10302
10316
10318
10326
10332
10333
10334
10338
10342
10342
10344
10356
10371
10374
10381
10403
10404
10405
10407
10408
10411
10411
10414
10435
10440
10442
10450
10454
10455
10458
10465
10477
10480
10481
10484
10486
10503
10505
10505
10506
10508
10510
10514
10515
10530
10537
10544
10548
10553
10554
10561
10563
10564
10578
10580
10580
10582
10587
10590
10591
10594
10595
10595
10598
10604
10605
10609
10617
10618
10620
10622
10624
10627
10633
10634
10648
10658
10662
10667
10670
10675
10677
10680
10681
10683
10694
10704
10705
10706
10708
10716
10717
10731
10732
10737
10741
10742
10743
10744
10746
10750
10758
10760
10764
10765
10769
10783
10804
10806
10812
10817
10826
10826
10830
10832
10833
10835
10835
10836
10837
10840
10842
10844
10852
10853
10856
10868
10872
10872
10874
10882
10884
10890
10894
10896
10900
10901
10905
10907
10911
10914
10916
10926
10926
10929
10931
10936
10940
10943
10944
10945
10948
10960
10968
10970
10979
10980
10991
10992
10996
10996
11000
11003
11004
11007
11012
11012
11017
11019
11022
11028
11031
11032
11039
11041
11048
11054
11055
11060
11062
11072
11073
11083
11101
11101
11103
11105
11109
11113
11116
11125
11128
11134
11135
11139
11146
11150
11155
11157
11158
11168
11178
11180
11181
11186
11193
11195
11199
11199
11202
11205
11220
11222
11227
11229
11234
11239
11245
11247
11248
11248
11250
11264
11265
11272
11278
11281
11286
11292
11297
11303
11304
11304
11308
11308
11310
11314
11320
11324
11329
11330
11330
11332
11334
11340
11345
11355
11358
11361
11369
11372
11372
11374
11377
11378
11381
11382
11383
11386
11390
11392
11397
11397
11397
11400
11400
11401
11412
11417
11426
11437
11439
11440
11441
11447
11453
11454
11456
11459
11467
11474
11477
11477
11493
11495
11502
11504
11507
11510
11511
11517
11524
11524
11528
11531
11538
11544
11548
11558
11562
11564
11565
11570
11577
11577
11582
11582
11594
11595
11607
11610
11617
11625
11630
11633
11634
11637
11640
11642
11643
11645
11649
11652
11655
11661
11663
11665
11666
11670
11675
11680
11683
11686
11688
11692
11693
11694
11696
11705
11705
11706
11711
11712
11716
11716
11729
11735
11737
11738
11741
11748
11748
11752
11757
11760
11762
11765
11770
11771
11774
11778
11778
11778
11780
11780
11784
11789
11792
11793
11795
11800
11803
11806
11806
11809
11809
11810
11811
11815
11818
11824
11835
11840
11842
11842
11849
11855
11859
11859
11861
11861
11863
11864
11864
11865
11873
11881
11881
11897
11899
11904
11905
11914
11915
11916
11923
11924
11926
11926
11927
11933
11939
11939
11949
11950
11960
11961
11962
11966
11969
11973
11978
11982
11987
11993
11997
12001
12003
12003
12006
12016
12016
12017
12018
12023
12025
12026
12039
12040
12043
12047
12054
12058
12060
12062
12062
12066
12072
12072
12073
12075
12077
12078
12080
12080
12083
12085
12086
12088
12090
12094
12094
12112
12113
12114
12118
12119
12120
12121
12121
12122
12132
12135
12136
12145
12149
12155
12157
12158
12165
12173
12174
12176
12176
12182
12186
12203
12205
12212
12213
12222
12227
12229
12231
12233
12240
12246
12247
12252
12259
12259
12263
12266
12267
12269
12272
12282
12286
12292
12301
12301
12309
12309
12317
12318
12321
12324
12325
12327
12334
12336
12337
12341
12341
12350
12354
12364
12365
12368
12372
12375
12377
12383
12383
12385
12389
12390
12397
12400
12401
12405
12414
12414
12417
12418
12420
12425
12437
12437
12441
12443
12449
12449
12456
12467
12471
12473
12475
12476
12476
12478
12478
12479
12487
12487
12491
12493
12495
12505
12509
12516
12516
12520
12523
12530
12533
12534
12535
12538
12539
12542
12543
12551
12557
12561
12563
12565
12572
12573
12596
12602
12603
12605
12607
12613
12618
12619
12626
12626
12633
12642
12647
12650
12664
12665
12671
12678
12684
12685
12692
12693
12694
12695
12701
12702
12703
12705
12706
12713
12714
12715
12716
12725
12730
12734
12736
12744
12745
12745
12751
12753
12754
12758
12758
12759
12765
12770
12777
12787
12793
12794
12801
12803
12805
12810
12810
12810
12812
12814
12817
12837
12838
12841
12843
12847
12847
12849
12852
12853
12861
12862
12863
12866
12867
12871
12873
12877
12879
12882
12885
12893
12893
12897
12898
12911
12911
12916
12918
12922
12923
12929
12932
12933
12936
12938
12938
12941
12943
12949
12959
12962
12963
12963
12970
12973
12976
12979
12980
12982
12983
12986
12992
12995
13002
13004
13007
13010
13016
13018
13023
13024
13024
13034
13036
13042
13047
13049
13052
13055
13068
13068
13069
13070
13071
13075
13081
13083
13087
13089
13096
13100
13100
13105
13108
13124
13136
13148
13160
13176
13181
13182
13185
13186
13196
13196
13197
13197
13197
13206
13206
13207
13217
13219
13219
13220
13222
13226
13229
13235
13236
13238
13239
13239
13242
13247
13248
13248
13252
13253
13258
13263
13264
13265
13270
13275
13275
13276
13283
13285
13288
13289
13289
13290
13292
13302
13305
13310
13317
13318
13323
13328
13330
13331
13334
13334
13336
13339
13346
13349
13349
13356
13367
13367
13369
13382
13384
13393
13395
13397
13397
13400
13408
13410
13410
13412
13420
13420
13422
13422
13423
13424
13424
13426
13430
13442
13447
13450
13451
13461
13462
13465
13471
13471
13474
13480
13481
13483
13494
13526
13529
13532
13539
13541
13543
13543
13551
13553
13555
13556
13564
13566
13571
13573
13578
13587
13593
13607
13608
13610
13611
13614
13619
13636
13648
13653
13653
13655
13658
13658
13659
13661
13661
13670
13673
13678
13687
13696
13709
13709
13716
13723
13726
13729
13730
13741
13741
13743
13747
13751
13761
13770
13771
13778
13784
13787
13791
13794
13797
13798
13803
13803
13804
13813
13816
13830
13831
13834
13845
13845
13849
13851
13857
13859
13861
13863
13864
13864
13866
13872
13876
13880
13882
13887
13887
13901
13903
13906
13910
13912
13915
13918
13928
13929
13932
13934
13938
13954
13957
13960
13960
13962
13966
13967
13970
13976
13982
13992
13993
13995
13998
13998
14001
14003
14003
14008
14013
14014
14019
14025
14027
14034
14040
14048
14055
14059
14063
14066
14067
14075
14075
14082
14084
14090
14090
14101
14107
14113
14121
14138
14145
14159
14161
14166
14176
14177
14189
14191
14200
14200
14202
14204
14207
14209
14209
14218
14235
14237
14243
14244
14255
14256
14258
14263
14268
14274
14277
14282
14284
14300
14304
14306
14310
14314
14320
14325
14333
14337
14338
14339
14342
14346
14347
14349
14349
14350
14353
14362
14366
14369
14369
14372
14373
14374
14380
14381
14385
14397
14403
14405
14407
14415
14418
14423
14424
14428
14429
14433
14435
14436
14438
14438
14438
14447
14449
14455
14455
14457
14464
14466
14482
14483
14494
14498
14500
14503
14504
14509
14509
14531
14534
14537
14537
14539
14540
14543
14543
14545
14547
14550
14552
14563
14564
14566
14568
14569
14571
14571
14578
14579
14585
14587
14589
14594
14595
14603
14608
14628
14629
14634
14637
14638
14638
14639
14647
14651
14653
14661
14662
14667
14672
14677
14678
14682
14682
14684
14692
14695
14695
14698
14703
14705
14716
14717
14721
14724
14730
14730
14742
14748
14753
14758
14760
14761
14762
14763
14767
14769
14772
14774
14775
14780
14785
14785
14786
14787
14794
14795
14807
14809
14815
14816
14822
14824
14826
14832
14835
14837
14840
14842
14843
14848
14852
14854
14868
14872
14874
14875
14896
14897
14899
14901
14901
14903
14904
14907
14908
14917
14921
14923
14931
14936
14942
14951
14952
14955
14973
14974
14983
14988
14992
14994
14998
15003
15005
15005
15013
15021
15028
15029
15039
15044
15046
15054
15055
15060
15060
15062
15069
15070
15102
15103
15105
15108
15110
15118
15127
15129
15132
15134
15135
15138
15139
15141
15154
15154
15155
15155
15156
15156
15160
15164
15165
15171
15176
15177
15190
15196
15203
15205
15209
15215
15218
15226
15228
15232
15233
15235
15241
15247
15254
15257
15260
15261
15266
15268
15270
15271
15286
15291
15292
15292
15293
15298
15300
15302
15322
15323
15324
15332
15334
15337
15342
15347
15349
15349
15353
15354
15358
15358
15362
15372
15373
15376
15381
15387
15395
15396
15401
15403
15407
15425
15426
15432
15436
15438
15443
15444
15449
15464
15473
15475
15479
15485
15488
15491
15496
15499
15502
15511
15515
15515
15517
15518
15519
15523
15527
15545
15548
15553
15554
15556
15569
15572
15574
15578
15578
15580
15580
15581
15585
15586
15590
15593
15594
15598
15615
15620
15625
15629
15631
15632
15634
15634
15641
15645
15645
15646
15650
15655
15656
15657
15684
15686
15687
15691
15698
15702
15706
15709
15711
15712
15720
15720
15721
15721
15723
15729
15729
15730
15737
15740
15742
15749
15752
15756
15759
15762
15765
15768
15773
15774
15775
15780
15782
15791
15795
15795
15796
15796
15800
15809
15812
15815
15831
15838
15850
15850
15854
15864
15864
15865
15874
15880
15880
15882
15882
15886
15890
15892
15896
15905
15915
15925
15925
15926
15926
15928
15929
15929
15931
15931
15933
15938
15939
15941
15941
15943
15945
15953
15964
15967
15973
15973
15976
15983
15996
15996
15999
16000
16000
16000
16001
16004
16005
16005
16007
16011
16012
16021
16028
16037
16038
16039
16042
16047
16056
16058
16062
16070
16074
16082
16086
16089
16092
16102
16102
16114
16115
16124
16128
16128
16139
16147
16152
16156
16167
16168
16168
16172
16172
16187
16196
16199
16200
16203
16225
16228
16229
16232
16232
16235
16238
16239
16263
16263
16265
16288
16291
16302
16306
16306
16310
16318
16319
16320
16329
16331
16331
16338
16338
16340
16342
16345
16345
16345
16354
16361
16380
16387
16390
16398
16399
16399
16402
16411
16413
16416
16426
16427
16431
16434
16437
16445
16452
16453
16456
16457
16471
16472
16472
16478
16482
16483
16488
16500
16508
16509
16509
16511
16513
16522
16522
16523
16526
16527
16529
16529
16538
16546
16548
16558
16562
16562
16564
16565
16570
16570
16579
16582
16588
16592
16592
16592
16593
16595
16601
16601
16603
16604
16604
16605
16605
16609
16610
16614
16615
16617
16618
16619
16620
16620
16626
16631
16633
16634
16635
16641
16642
16647
16648
16652
16652
16652
16655
16655
16661
16661
16667
16667
16671
16672
16674
16679
16680
16683
16696
16709
16710
16713
16713
16717
16718
16724
16729
16734
16735
16737
16740
16746
16752
16755
16761
16763
16769
16780
16781
16782
16782
16789
16791
16797
16799
16801
16801
16810
16812
16817
16817
16821
16824
16834
16834
16837
16845
16847
16847
16857
16860
16871
16878
16882
16884
16889
16890
16898
16907
16915
16936
16941
16947
16950
16952
16953
16960
16964
16972
16974
16975
16976
16979
16979
16980
16996
17006
17007
17008
17009
17009
17011
17015
17015
17019
17021
17022
17024
17029
17035
17043
17054
17054
17056
17057
17062
17062
17062
17065
17069
17079
17081
17083
17085
17095
17097
17101
17101
17102
17104
17110
17115
17126
17132
17134
17135
17139
17142
17149
17153
17157
17166
17167
17176
17186
17188
17192
17201
17204
17208
17217
17221
17230
17230
17235
17238
17240
17240
17246
17247
17250
17263
17273
17274
17274
17281
17286
17286
17298
17301
17304
17307
17307
17308
17310
17311
17312
17312
17315
17331
17333
17335
17336
17341
17349
17355
17355
17356
17361
17370
17371
17374
17379
17385
17386
17393
17393
17396
17396
17397
17398
17399
17401
17403
17414
17415
17418
17423
17432
17442
17442
17446
17446
17448
17451
17456
17463
17468
17468
17476
17480
17485
17489
17491
17493
17494
17496
17500
17503
17514
17514
17519
17519
17520
17521
17527
17528
17529
17531
17531
17532
17537
17538
17539
17544
17547
17547
17553
17553
17561
17564
17565
17569
17570
17574
17577
17592
17593
17595
17595
17613
17617
17618
17622
17622
17633
17636
17636
17639
17646
17653
17653
17655
17671
17672
17673
17677
17687
17693
17700
17701
17707
17710
17712
17719
17724
17730
17733
17740
17747
17747
17752
17758
17761
17764
17765
17765
17768
17770
17778
17781
17781
17781
17782
17787
17789
17790
17795
17797
17800
17805
17805
17813
17814
17823
17830
17835
17836
17853
17854
17856
17858
17876
17876
17876
17877
17878
17884
17885
17900
17902
17908
17910
17914
17915
17916
17922
17924
17931
17931
17934
17934
17935
17942
17942
17947
17949
17950
17954
17961
17962
17972
17976
17982
17990
18014
18020
18023
18027
18032
18033
18035
18036
18045
18049
18049
18052
18055
18056
18063
18066
18067
18078
18078
18084
18096
18108
18110
18110
18117
18124
18125
18133
18134
18134
18139
18140
18154
18158
18164
18166
18171
18180
18205
18212
18213
18217
18219
18222
18224
18227
18227
18229
18233
18234
18239
18242
18246
18248
18249
18251
18255
18260
18261
18264
18268
18270
18275
18276
18289
18313
18316
18317
18324
18328
18332
18332
18344
18346
18347
18348
18353
18356
18365
18367
18370
18392
18393
18394
18397
18400
18403
18406
18412
18415
18418
18427
18435
18449
18453
18455
18455
18462
18469
18475
18479
18480
18481
18483
18507
18517
18518
18528
18542
18547
18552
18571
18575
18583
18594
18595
18597
18598
18599
18601
18605
18609
18618
18620
18621
18622
18625
18627
18633
18638
18649
18652
18664
18677
18686
18690
18695
18697
18706
18713
18713
18717
18719
18723
18725
18726
18737
18746
18759
18760
18764
18770
18774
18776
18778
18783
18789
18790
18793
18804
18806
18817
18820
18828
18830
18832
18838
18841
18843
18845
18847
18848
18851
18856
18873
18877
18879
18881
18882
18886
18888
18889
18895
18900
18902
18903
18903
18906
18906
18917
18927
18928
18929
18930
18946
18946
18946
18948
18952
18963
18966
18967
18971
18974
18975
18977
18979
18981
18983
18984
18989
18999
18999
18999
19000
19002
19002
19015
19018
19021
19028
19030
19038
19046
19049
19053
19055
19057
19058
19067
19070
19071
19075
19077
19078
19081
19082
19083
19086
19090
19093
19095
19099
19108
19109
19115
19120
19130
19135
19139
19142
19142
19163
19170
19170
19172
19175
19178
19186
19187
19188
19191
19192
19194
19194
19195
19198
19207
19209
19212
19218
19219
19220
19221
19221
19227
19228
19234
19236
19242
19243
19244
19246
19246
19253
19261
19262
19267
19271
19274
19278
19278
19282
19288
19291
19299
19299
19299
19310
19318
19320
19329
19330
19336
19339
19340
19340
19343
19344
19348
19350
19352
19357
19362
19368
19372
19374
19381
19384
19393
19393
19398
19400
19407
19410
19410
19412
19421
19430
19432
19436
19437
19441
19446
19449
19450
19459
19463
19464
19474
19479
19486
19488
19496
19497
19505
19507
19509
19515
19515
19516
19516
19520
19520
19526
19534
19537
19540
19541
19545
19546
19546
19559
19564
19566
19569
19579
19580
19587
19596
19604
19608
19611
19611
19618
19633
19635
19638
19641
19645
19647
19651
19671
19671
19673
19678
19678
19682
19701
19721
19734
19736
19741
19742
19744
19746
19746
19746
19750
19754
19755
19756
19757
19761
19764
19764
19774
19776
19785
19788
19788
19789
19796
19796
19798
19798
19799
19805
19805
19827
19828
19845
19846
19846
19856
19857
19861
19880
19883
19889
19892
19922
19923
19933
19935
19939
19939
19940
19941
19944
19944
19958
19960
19962
19968
19979
19983
19987
19988
19991
19996
19999
19999
