-19513
-18973
-17183
-15456
-15396
-15376
-14625
-13569
-13351
-13237
-12707
-12446
-12321
-12097
-11453
-10828
-10149
-10065
-9729
-9571
-9513
-9407
-9254
-8440
-7619
-7494
-7245
-7155
-7109
-6886
-6872
-6054
-5961
-5835
-5771
-5709
-5226
-4924
-4649
-4587
-4225
-3772
-3624
-3400
-3382
-3188
-1796
-1258
-1025
-953
-912
-533
-369
-352
-320
-113
69
169
255
730
796
905
1228
1271
1377
1488
1875
2333
2842
2860
2942
3523
3552
3783
4080
4561
4760
4860
5944
5948
6399
6439
6842
7519
8064
9574
9605
10082
10083
10122
10586
12003
12064
12186
12579
12713
13896
15171
15916
17897
