-18989
-18519
-17975
-17898
-17466
-17207
-17196
-17091
-17049
-16911
-16881
-16644
-16636
-16633
-16173
-16030
-15853
-15652
-15639
-15548
-15480
-15398
-15332
-15206
-15192
-15166
-15020
-14992
-14852
-14834
-14649
-14607
-14562
-14408
-14370
-14124
-14111
-13980
-13853
-13830
-13771
-13714
-13684
-13566
-13539
-13519
-13518
-13504
-13375
-13370
-13322
-13305
-13166
-13106
-13047
-13043
-12848
-12842
-12658
-12651
-12577
-12547
-12473
-12419
-12369
-12342
-12331
-12311
-12165
-12154
-12116
-12070
-11977
-11899
-11721
-11706
-11703
-11586
-11572
-11433
-11432
-11371
-11354
-11284
-11221
-11164
-11159
-11083
-11077
-11018
-10969
-10965
-10948
-10900
-10835
-10767
-10761
-10756
-10714
-10700
-10608
-10604
-10562
-10552
-10529
-10460
-10328
-10307
-10258
-10168
-10163
-10135
-10110
-10033
-9984
-9976
-9967
-9918
-9836
-9834
-9787
-9724
-9715
-9713
-9710
-9706
-9696
-9678
-9673
-9605
-9591
-9405
-9400
-9398
-9394
-9345
-9283
-9250
-9213
-9183
-9169
-9077
-9040
-9039
-9018
-8927
-8923
-8919
-8899
-8862
-8759
-8709
-8683
-8681
-8678
-8645
-8642
-8634
-8632
-8624
-8611
-8603
-8551
-8514
-8507
-8481
-8459
-8452
-8424
-8394
-8374
-8366
-8363
-8356
-8347
-8342
-8336
-8291
-8263
-8225
-8223
-8222
-8197
-8162
-8116
-8077
-8061
-8050
-8012
-7998
-7963
-7917
-7909
-7889
-7880
-7853
-7821
-7812
-7808
-7782
-7751
-7711
-7662
-7530
-7528
-7514
-7478
-7406
-7377
-7357
-7347
-7328
-7300
-7280
-7260
-7236
-7222
-7210
-7208
-7131
-7070
-7049
-6975
-6953
-6914
-6910
-6770
-6764
-6715
-6678
-6625
-6624
-6622
-6616
-6598
-6556
-6528
-6519
-6432
-6429
-6428
-6399
-6356
-6354
-6297
-6282
-6268
-6252
-6249
-6223
-6183
-6156
-6125
-6100
-6087
-6025
-6020
-5974
-5970
-5936
-5925
-5898
-5893
-5893
-5868
-5863
-5819
-5818
-5779
-5769
-5678
-5611
-5609
-5581
-5577
-5541
-5536
-5519
-5514
-5502
-5478
-5460
-5432
-5426
-5375
-5364
-5359
-5354
-5345
-5313
-5310
-5305
-5294
-5257
-5224
-5223
-5214
-5211
-5206
-5205
-5170
-5151
-5111
-5106
-5074
-5070
-5063
-4945
-4929
-4893
-4885
-4854
-4826
-4770
-4726
-4717
-4702
-4689
-4683
-4612
-4602
-4586
-4572
-4529
-4474
-4400
-4395
-4364
-4355
-4354
-4311
-4257
-4238
-4192
-4162
-4130
-4078
-4049
-4041
-4006
-4000
-3913
-3875
-3867
-3831
-3823
-3801
-3797
-3797
-3760
-3751
-3710
-3701
-3695
-3655
-3608
-3608
-3595
-3592
-3592
-3544
-3533
-3522
-3457
-3430
-3402
-3327
-3318
-3306
-3278
-3276
-3270
-3247
-3246
-3238
-3222
-3213
-3196
-3171
-3124
-3075
-3074
-3048
-3042
-3039
-3029
-2902
-2882
-2848
-2847
-2841
-2820
-2796
-2789
-2777
-2739
-2722
-2708
-2697
-2682
-2641
-2637
-2613
-2553
-2549
-2546
-2535
-2473
-2467
-2447
-2441
-2433
-2380
-2378
-2346
-2324
-2289
-2240
-2225
-2222
-2217
-2206
-2181
-2159
-2120
-2083
-2070
-2065
-2063
-2036
-2028
-2001
-1954
-1938
-1936
-1893
-1891
-1874
-1850
-1836
-1820
-1795
-1768
-1740
-1615
-1596
-1582
-1567
-1564
-1559
-1551
-1526
-1525
-1497
-1489
-1478
-1468
-1457
-1443
-1436
-1410
-1367
-1358
-1340
-1322
-1294
-1293
-1284
-1252
-1240
-1228
-1213
-1208
-1200
-1194
-1188
-1186
-1180
-1172
-1127
-1100
-1094
-1039
-1031
-1027
-1023
-1016
-1009
-998
-988
-968
-935
-918
-864
-853
-827
-789
-785
-783
-781
-715
-637
-632
-621
-595
-587
-542
-520
-519
-500
-498
-496
-493
-471
-471
-465
-448
-443
-411
-393
-388
-383
-357
-352
-348
-347
-338
-328
-322
-320
-312
-307
-281
-275
-275
-232
-185
-160
-153
-145
-142
-125
-99
-97
-75
-46
-36
-31
-8
3
42
154
178
188
220
222
235
253
279
300
311
352
391
406
416
436
465
498
512
519
531
539
557
573
585
623
649
664
666
680
710
744
758
761
769
782
817
885
886
903
903
908
912
959
999
1011
1016
1024
1053
1090
1121
1123
1131
1139
1147
1158
1161
1229
1242
1267
1304
1320
1383
1385
1404
1405
1408
1409
1413
1456
1483
1486
1501
1506
1511
1532
1568
1588
1594
1599
1606
1610
1639
1681
1699
1715
1762
1778
1806
1816
1900
1907
1915
1919
1920
1942
1963
1992
1994
2098
2226
2242
2242
2302
2371
2408
2480
2546
2556
2583
2602
2620
2625
2637
2638
2641
2667
2668
2691
2707
2721
2744
2762
2766
2791
2797
2798
2807
2819
2825
2847
2903
2908
2938
2946
3029
3029
3061
3076
3124
3132
3194
3231
3254
3299
3309
3387
3417
3431
3450
3465
3505
3510
3512
3541
3598
3629
3646
3672
3680
3682
3685
3693
3705
3731
3735
3739
3743
3785
3817
3950
3979
3984
4083
4089
4114
4136
4145
4160
4189
4197
4230
4260
4279
4297
4318
4320
4323
4370
4380
4395
4433
4448
4448
4462
4487
4526
4591
4657
4668
4672
4691
4719
4828
4834
4840
4867
4884
4895
4901
4918
4976
5028
5037
5066
5077
5086
5190
5223
5279
5305
5312
5371
5371
5439
5456
5459
5489
5497
5501
5513
5582
5644
5691
5707
5742
5805
5835
5899
5954
6021
6074
6119
6176
6198
6259
6268
6278
6286
6288
6296
6329
6356
6366
6375
6397
6500
6528
6545
6598
6612
6652
6660
6676
6680
6704
6709
6795
6819
6835
6835
6860
6869
6909
6963
7004
7067
7236
7274
7306
7431
7432
7486
7542
7550
7565
7589
7616
7626
7634
7648
7663
7728
7782
7794
7804
7859
7913
7923
7979
8021
8041
8063
8065
8100
8187
8235
8264
8346
8384
8384
8392
8408
8464
8503
8510
8522
8592
8629
8732
8745
8778
8783
8884
8909
8920
8937
8947
8985
9049
9060
9068
9092
9155
9201
9268
9300
9330
9351
9445
9555
9598
9639
9645
9659
9680
9723
9759
9771
9789
9845
9950
10218
10406
10423
10544
10545
10568
10576
10586
10601
10642
10665
10891
10906
10973
11092
11097
11111
11143
11159
11221
11234
11250
11274
11284
11341
11576
11611
11744
11787
11800
12070
12081
12099
12115
12148
12351
12369
12372
12494
12523
12562
12563
12629
12749
12786
12803
12834
12865
12947
13028
13064
13252
13277
13433
13437
13497
13553
13728
13976
14032
14067
14160
14174
14182
14239
14316
14376
14453
14492
14542
14561
14592
14645
14670
14924
14936
15395
15551
15568
15677
15765
15787
15798
15819
15847
15852
16186
16380
16392
16392
16528
16721
16798
16875
18049
18182
18911
18954
